force: 0.001
goal_position: 0.800000011920929
goal_velocity: 0.0
gravity: 0.024000000208616257
max_position: 2.799999952316284
max_speed: 0.07
max_steps_in_episode: 500.0
min_position: -1.0
